-7.165786402019423962e-01
-2.926947343692509751e-01
-4.106687952893504079e-01
-4.315876829222947686e-01
-1.787705254781118969e-01
-1.315899865146477055e-01
-3.509454877595097333e-01
-8.984183111411034872e-01
-2.264842161888641625e-01
-3.365813043681425976e-01
-5.408334191129959834e-03
-1.745966595840036106e-01
-9.087868633829506715e-01
-6.858009774913386147e-01
-9.394654813374115898e-01
-2.703682452346668486e-01
-5.852951409258054793e-01
-7.464816315030227134e-01
-2.798004047726125876e-01
-5.733130540680043685e-01
-1.796857544730479095e-01
-2.112482825717443280e-01
-8.733939619579356162e-02
-5.523305915239408170e-01
-8.088014082183828668e-01
-7.780457753437274304e-01
-7.068315048766365960e-01
-5.562936582867372692e-02
-9.529164311457658521e-01
-9.322950488446156703e-01
-2.848669532655462300e-01
-6.736122722724313672e-02
-1.630099902834850623e-01
-6.262163350842747667e-01
-9.971185431525232401e-01
-1.292785116411487856e-01
-3.973770772300775356e-01
-6.048290277077436050e-01
-6.789407810666552301e-01
-5.820906161495713604e-01
-2.935342918979882976e-01
-4.671727567485959298e-01
-3.733361521699982699e-01
-4.044611795911401408e-01
-1.438843297841501112e-01
-7.181183093062701861e-01
-2.655015427664965122e-01
-7.135439619095707009e-02
-5.416265840701139922e-01
-2.195133901857926340e-01
-2.433999850476649129e-01
-6.536780795169078173e-01
-3.861268423113767279e-01
-4.463237908964909906e-01
-1.213758213650880657e-01
-6.298757067479703320e-01
-8.252421472745163911e-01
-8.807931741398704606e-01
-4.094150213883933631e-01
-3.047211186014443518e-01
-1.523684095669430860e-01
-3.397313541905674361e-01
-5.345620092003863233e-01
-7.900154660022842279e-01
-2.034600454277301074e-01
-1.530989649433810440e-01
-7.412135512713564633e-01
-6.114022379786798744e-02
-2.226107969503398065e-01
-8.429798878829007913e-01
-2.072810389334130976e-01
-1.826522163216992567e-01
-5.746765666739378497e-01
-3.310850413895374267e-01
-9.048201982184255199e-01
-4.060945696610205324e-01
-4.682722416486684303e-02
-3.902329697822561894e-01
-6.152138172841047359e-01
-2.142232807908983627e-01
-4.612790320674161615e-01
-5.163433296056576527e-01
-7.025226636691364046e-01
-7.183057510802287604e-01
-9.952513228276792523e-01
-4.294247313426134971e-01
-9.708205712654252029e-01
-3.254946354480466875e-01
-3.631327516852072002e-01
-5.891682392436230487e-01
-9.797973461134907858e-01
-8.384754190929091244e-01
-6.916791891538287551e-02
-7.903936568618845637e-01
-4.522876401484651199e-01
-7.939391495404943822e-01
-6.923011276434779537e-01
-7.927224633936840181e-01
-7.346734182480494368e-01
-1.983713705470001587e-01
-9.802907286073979654e-01
-4.910479350683442101e-01
-2.249965291833855296e-02
-8.203296565065467671e-01
-5.707432871801363383e-01
-1.387302662348957050e-01
-9.056537065708691880e-02
-1.601205050086873527e-03
-7.982642884096070590e-01
-6.632619695340158383e-02
-5.132808063484527450e-01
-2.407832063630789277e-01
-5.659021638910792795e-01
-4.800844808606274938e-02
-9.759127482536492648e-01
-3.517693848038030424e-01
-4.269872775421613698e-01
-2.940326895929846751e-01
-4.735036846174695002e-01
-4.336941381137863205e-01
-7.134693327526593354e-01
-1.454426416981348114e-01
-6.866507539890758238e-01
-7.066416727932970376e-01
-2.084412167704647878e-01
-3.806827310438954948e-01
-7.479785527087244867e-01
-5.288476894624949409e-02
-1.612385567463611169e-01
-2.123399222624164917e-01
-1.998510511986121285e-01
-2.673137245760066616e-01
-3.999817132841511080e-01
-5.089064723667749979e-01
-3.011580554377536467e-01
-9.464419666364030093e-01
-8.193869276716843064e-01
-2.131782561719949287e-01
-7.910263374892710919e-01
-2.889430490545916719e-01
-7.659683316156381538e-01
-1.911474284443916982e-01
-6.803884560380206725e-01
-5.457996000259748293e-01
-3.173863437643964502e-01
-8.751903713486329783e-01
-8.394330168403707493e-01
-4.272661225917399053e-01
-6.812704399866256200e-01
-6.730989650302388050e-01
-5.738687298246005764e-01
-5.318062869655103553e-01
-8.663344860889266030e-01
-2.757101281208983456e-01
-1.281423124765029842e-01
-1.103693347740403174e-01
-8.702670786842248152e-01
-9.121549722640319713e-01
-5.682637561794469105e-01
-2.087498212833449607e-02
-6.022842133961996414e-01
-6.037986787562986679e-01
-4.883522831806619280e-02
-6.512968522810975713e-01
-7.177864309368209295e-01
-3.538862552875763345e-01
-7.200760720373680090e-01
-3.142857846381388320e-01
-7.646529728431742390e-01
-9.444857818947693939e-01
-4.898212860965639459e-01
-6.236278298191705316e-01
-5.513747204635722765e-01
-3.499133380033300211e-01
-2.508123521177578752e-01
-3.742513696614546692e-01
-5.808444843640833133e-01
-9.349646728464908740e-01
-4.493398678151586667e-01
-4.892489620095841207e-02
-1.048022473062292237e-01
-6.793911401128457372e-01
-4.355179440989342954e-01
-7.889250242095359189e-01
-2.578607000344478317e-01
-5.681712847280276923e-01
-1.401798420385830246e-01
-7.932217783349885254e-01
-4.561247863097928068e-01
-6.354466170363229915e-01
-1.863211632911836446e-01
-2.695103884340630529e-01
-4.687807833896964205e-01
-6.519214091422387281e-01
-8.216005927116805108e-01
-6.966974504463849804e-01
-5.950223931480895789e-01
-3.954472507890324229e-01
-4.746044539537420670e-01
-6.501409899811858573e-01
-3.838527914262810370e-01
-9.646487057534218756e-01
-2.072494716265220749e-01
-4.447330472019830339e-01
-3.792108097186533966e-01
-3.252725845589526932e-01
-2.752665119142641004e-01
-1.297929188531311562e-01
-9.422075390986324184e-01
-6.392182083579456275e-01
-8.314808530514348206e-01
-5.827531004796715486e-03
-3.871746376017236591e-01
-8.159164700300760575e-01
-7.421877661190028341e-01
-8.978599192101254234e-01
-2.727396397899921610e-01
-5.931379763310855591e-01
-1.585753391532396250e-02
-7.123119420101561294e-01
-2.354560879013123387e-01
-5.348928470501934651e-01
-5.077648856368782715e-01
-7.896983833817891041e-01
-9.107548662854004773e-01
-8.386722039906723269e-01
-3.277207391485957855e-01
-6.189973605284566638e-01
-2.180187124152873634e-01
-3.140297482656809747e-01
-1.756066159506308733e-02
-4.232697801742769661e-01
-2.098068870822750176e-01
-8.891060218001487492e-01
-7.503582838627180784e-01
-9.428018216188509548e-01
-9.383178854427762783e-01
-7.834327093512433171e-01
-2.352169788124186534e-01
-2.435798316695734211e-01
-5.949105604463869046e-01
-3.757809642123443039e-01
-5.252716495774034655e-02
-7.514618382928618390e-01
-7.747313440313267074e-01
-6.363066552507214979e-01
-6.801308837911196337e-01
-8.488142394520273859e-01
-1.695183400556929953e-01
-3.538722362478824435e-01
-7.103356749961504679e-01
-5.325909259934262785e-01
-9.001524879994516892e-01
-7.601646973825458842e-01
-3.871895341137485680e-01
-8.901299814507177555e-01
-6.120728486026004722e-01
-5.994948821970563779e-01
-5.348436455686484958e-01
-6.316743986878986528e-01
-6.048316041266971199e-01
-4.007637848718244022e-01
-8.838076581332502402e-01
-8.086604077329786477e-01
-8.652824730733461589e-01
-7.976413146552281397e-01
-1.581112882843530576e-01
-1.533847807638268890e-01
-5.330025366938572207e-01
-7.480218191957246354e-01
-6.439624202933164065e-01
-4.979534881113850675e-01
-5.856731808441419940e-01
-5.691713410535537143e-03
-7.440058405614061732e-01
-9.806330571642174476e-02
-4.102254960777148574e-01
-5.358187289687548205e-01
-8.910232239668176568e-01
-5.101152363495392583e-01
-4.063703683378783182e-01
-7.963241853282435612e-01
-3.480866132680021652e-01
-2.451085456069295176e-01
-5.562689868738779353e-02
-2.342703584529317595e-01
-2.608138119870784255e-02
-5.872694262060521586e-01
-3.975179476029971903e-01
-1.274098459980693709e-01
-3.805909976999799493e-01
-4.626444303084245036e-01
-8.884013550950563554e-01
-2.889051854519603113e-01
-8.972331601057088601e-01
-5.663908904470218442e-01
-6.850550252613843982e-01
-6.300935920326661277e-01
-4.730514171558020120e-01
-9.189561199520658308e-01
-6.720116746226796334e-01
-5.338010482532018486e-03
-9.674443997015159669e-01
-5.278371242387549511e-01
-3.229808510415791423e-01
-6.651088440154062642e-01
-5.813948355214552111e-01
-6.069358798686905754e-01
-7.684624277132423575e-02
-7.412795093332994467e-01
-6.520336321862395534e-01
-9.122182287446858329e-01
-7.417446516207526486e-01
-3.483994313049387781e-02
-4.123820901252517324e-03
-4.535771500140129975e-01
-9.489987658331908715e-01
-5.011239304535430872e-01
-2.052236828931697232e-02
-2.895383984899424501e-01
-2.782573936517316326e-01
-5.273760252445819363e-01
-7.583747170245910274e-01
-1.106981295880968830e-01
-2.183299917010435021e-01
-1.051730409264728383e-02
-4.706217834458142901e-01
-8.314760253956822167e-01
-3.303325332840845174e-01
-5.934376569407259217e-01
-6.026305909785315551e-01
-2.272192288650698444e-01
-3.001644699902069613e-01
-1.109286359060249749e-01
-8.782126024312451040e-01
-8.073602051255281964e-01
-6.916367495076539695e-01
-4.335043705216286014e-01
-6.795859809293238740e-01
-2.207688048765157340e-01
-9.216767131717702455e-01
-1.515232135638341360e-01
-6.147215156792509294e-01
-6.242652151936197713e-01
-9.901976844525512966e-01
-8.232299182623691314e-01
-4.405950668131071168e-01
-2.042988893557313723e-01
-3.113233080972604983e-01
-7.416311377175228703e-01
-4.442428445039408036e-01
-6.202058028086803176e-01
-7.771680145842924103e-01
-7.032408917662330561e-01
-2.673972365823563679e-01
-2.970938391580482119e-01
-7.094949947894862996e-01
-9.155304665183831014e-01
-5.530521534864284439e-01
-3.923924810406765884e-01
-2.667200319770787198e-01
-4.245497689139776654e-02
-2.753802371656399739e-02
-1.636155219395633020e-01
-5.719015148422315065e-01
-5.344800707769085113e-01
-8.276874773968270205e-01
-1.792733460241651144e-01
-2.147627238228924096e-01
-4.110225021299076520e-01
-5.779085233807842448e-01
-3.521532217732017411e-01
-9.742535328564911890e-01
-1.828012556851897896e-01
-9.297069012000855892e-01
-9.713760284592265482e-02
-6.398997041752297887e-01
-5.353618973025711103e-01
-8.492855856238968881e-01
-1.244817261275547038e-01
-9.492955647521221785e-01
-9.959647138185054871e-01
-2.266420896491628811e-01
-7.673667604763885208e-01
-2.580760871344564000e-01
-3.311597963751885532e-01
-4.501272349528517847e-02
-3.264992801851511750e-01
-4.906947879119667455e-01
-6.524384784743080257e-01
-2.946644394730068006e-01
-7.343486011685789183e-01
-1.228970282085896093e-01
-5.127846898025617550e-01
-2.068938891476351793e-01
-4.720019256607329572e-01
-6.614260415415306182e-01
-7.527974212592336567e-01
-1.372299614357322950e-01
-4.826190665447792627e-01
-7.978919417307802631e-01
