-8.859765832744248559e-01
-1.404309915770793893e-01
-5.093716801299830177e-01
-8.432919355299894892e-02
-9.508410514552150250e-01
-7.401572331950838635e-01
-7.326118299330952599e-02
-7.028440527762902512e-01
-5.164085037325363281e-01
-2.658667008642778828e-01
-7.544905967209367681e-01
-9.051037531165131433e-01
-2.838068502281104744e-01
-3.256145243577512893e-02
-6.087491194889149693e-02
-1.381294043918616099e-01
-9.514992531894725936e-01
-3.846058196582265998e-01
-5.085874488979714725e-01
-4.974648454659936769e-01
-5.360791309444812303e-02
-8.930288347266184257e-01
-2.761873377175807498e-01
-1.020113348228454120e-01
-6.730628852339917145e-01
-5.768693528997956843e-01
-6.339460964343014426e-01
-1.230939665200890820e-01
-9.701945272450659408e-01
-1.966795566670652695e-01
-2.460391141914937130e-01
-1.024940065177530890e-01
-6.468837778156520946e-01
-3.130021408902289304e-01
-3.784319414359293976e-02
-1.645715609325187900e-01
-6.948758955688015826e-01
-3.296744859647756654e-01
-6.913864749023137524e-01
-6.545549684243050503e-01
-3.017009385865797588e-01
-1.348063014371994051e-01
-4.401303552573261335e-01
-6.204776501709907688e-01
-2.273626386351709217e-01
-7.569126163782858852e-01
-4.448157476649905462e-01
-8.407980263758513262e-01
-8.677242193836942619e-01
-1.173021670833103158e-01
-9.480683813598004273e-01
-8.292643270004975697e-01
-8.194902794239844468e-03
-3.072643867116218175e-01
-9.191796665131900523e-01
-8.389725469996485163e-01
-3.102072046734830613e-01
-9.804404171334507589e-01
-3.843171377455397719e-01
-4.823402562906905500e-01
-3.102514042737084532e-01
-6.172507685935447741e-01
-5.092407883485464692e-01
-6.289087246400895115e-01
-9.985114927408944574e-03
-8.057487953311286422e-01
-1.980187395103102377e-01
-3.435582189110261142e-01
-5.112403885807359494e-02
-5.704647073803096324e-01
-6.969254562551296939e-01
-5.554767867937142611e-01
-2.027645379633341571e-01
-3.404626443673235414e-01
-7.091393912131205290e-01
-6.971192518249392789e-01
-2.172488916948990267e-01
-1.284160359784826122e-01
-7.820183191022545000e-01
-4.992964974325847516e-01
-7.234436301873491404e-01
-5.450331041729090664e-01
-1.871183151649683518e-01
-4.125460745239697413e-01
-3.490207924296940822e-01
-4.936959342361475489e-01
-8.458399502964972783e-01
-2.972976625222328861e-01
-2.415902981060266130e-01
-8.575684441599168428e-01
-3.321885461425211350e-01
-7.512150618082197306e-01
-3.806187339475775033e-01
-8.152987366454053086e-01
-4.407498601896477908e-01
-2.032165349420204103e-01
-4.226050710573749924e-01
-1.935180408048534639e-01
-6.922511682600310801e-01
-2.735680636297241897e-01
-6.890516332918371623e-01
-8.952739684711287227e-01
-6.555581347586074692e-01
-1.085898631593695818e-01
-8.528973497164301643e-01
-5.598530085053513572e-01
-3.031737237912837113e-01
-3.272981477197608458e-01
-4.980678710517181251e-01
-3.225094292907930704e-01
-6.155229120074057203e-02
-7.213380363173957921e-01
-7.836854101044645748e-01
-5.077778949129253538e-01
-8.903903848671862464e-01
-1.985414089150350225e-01
-8.749672353671911207e-02
-2.228287036828231482e-01
-2.537083961145057964e-01
-4.885815347124589092e-02
-1.644346325659870045e-01
-8.448935373854890019e-01
-5.572541940125387283e-01
-5.622867158960883627e-01
-9.404399507909569911e-01
-1.135247918124995259e-01
-7.950451994564067260e-02
-3.533618625864646257e-01
-9.314245802171882138e-01
-2.516390873440659259e-01
-2.079647012147173291e-01
-6.768413869443592468e-01
-7.066634384937569013e-01
-7.636976405015322156e-01
-5.426527689275750799e-02
-3.215580699958694444e-01
-7.938885233236997463e-01
-2.794693437816414550e-01
-7.945634471977798263e-01
-6.594587974533621111e-01
-2.161677792105848317e-01
-3.955507670177504931e-01
-7.533932066004829231e-01
-8.003588268233874370e-02
-4.733635713627388775e-01
-7.616406394978407768e-01
-8.675453759757345562e-02
-2.312692815162575855e-02
-4.875540197055697744e-01
-3.016913667658571718e-02
-1.232630693257436016e-01
-7.208275471715751559e-01
-2.129484762450689628e-01
-1.621312507368276590e-01
-4.119108480892240687e-01
-4.338642796851387429e-01
-8.522357827725680623e-01
-4.944180004931786332e-02
-2.407086400017589556e-01
-3.366772355304776809e-01
-6.707460671212375214e-01
-4.812865764143716696e-01
-1.103611389982162017e-03
-6.283923042206588372e-01
-6.443092882007745992e-01
-1.537175110460463623e-01
-9.654682414025250736e-01
-9.983003050754226670e-01
-2.993038350257887226e-01
-3.920550814291035024e-02
-8.212713862752328842e-01
-3.452551619725185983e-01
-2.247064016647654094e-01
-2.830152793310242165e-01
-8.136683254836207801e-02
-1.177168851453738174e-01
-8.724978118065819244e-01
-8.683425308989012326e-02
-1.057953905106410186e-01
-7.550900422747779395e-01
-3.987365094335658666e-01
-2.610745352451743218e-01
-9.136401408542155211e-01
-3.812424643009417746e-01
-9.227921793831941333e-01
-6.755477992048108948e-01
-2.864779245398677565e-01
-4.046892320958197509e-01
-7.507499153031974570e-01
-7.885570200037620436e-01
-9.570206782895079867e-01
-3.032954213476065641e-01
-8.420754413084500234e-01
-1.022323748248646913e-01
-6.239988115993944096e-02
-7.238700271327053182e-01
-5.905948792438494577e-01
-1.583601642159090384e-01
-8.919041049458557024e-01
-3.970672993140675899e-01
-2.881919361114029243e-01
-5.486449389164479440e-01
-5.020844877396413164e-01
-8.317356433705529462e-01
-8.602491069991338168e-01
-7.418299658124578588e-01
-4.627480103861413285e-01
-7.833605490594814924e-01
-6.507800693518178692e-01
-9.381727055439489371e-01
-5.748258582700537245e-01
-2.998784345266780615e-02
-4.865892074135435008e-01
-5.511961607360290616e-01
-3.051217429684128790e-01
-8.743565473652358255e-01
-3.861391868570935859e-01
-5.180687796194266559e-01
-3.565436136864560401e-01
-5.939837648430601469e-01
-4.157770327528622634e-01
-4.407353170987351465e-01
-1.181776980232253083e-01
-4.825972904808381037e-01
-4.446387226019343775e-02
-4.050956748480527558e-02
-5.196673528165214329e-01
-5.145793752313454483e-02
-3.338892961105133228e-02
-1.834434598573664310e-01
-2.651898347290491120e-01
-4.752209269606009201e-01
-1.366101333150182562e-01
-3.456973231215137998e-01
-4.861839395723281942e-01
-6.397721453672075009e-01
-1.339292061679472345e-01
-5.411418916836374660e-02
-3.524059552137794871e-01
-1.694984438044103703e-01
-2.418049760933121961e-01
-2.352257880914123689e-01
-3.209062830277701339e-01
-6.670234508392890449e-01
-8.011246434995360488e-01
-5.050959993579886564e-01
-7.062901159807076779e-01
-7.017734860948523501e-01
-8.297796959124681404e-02
-2.633206380830382942e-01
-3.430223208804752399e-01
-6.308836915246580634e-01
-5.354438286040266171e-01
-3.155484040557662295e-01
-3.954596742866181014e-01
-1.258498733426149929e-01
-7.320570656201260684e-01
-1.170831004289530908e-01
-9.402913337707502484e-01
-5.380305715168328673e-01
-2.198351322632324800e-01
-8.058328374943929395e-01
-2.245265662526874095e-02
-8.399309685310805129e-01
-1.690645933904093567e-01
-1.945877345788815660e-01
-7.563276717803726346e-01
-2.886727379666795823e-01
-3.137053796859032850e-01
-4.751366424452365678e-01
-6.559402361720215735e-01
-5.116609605250285187e-01
-7.905371039209548867e-01
-7.721576901755758948e-01
-2.565474008220296476e-01
-9.013244948570475756e-03
-9.673347249104868872e-01
-6.662926749166723228e-01
-7.123168155736403495e-01
-9.682786287356627275e-01
-4.882276671192631312e-02
-7.698527098226651821e-01
-9.821143942544630079e-02
-5.116509540718507942e-01
-9.251536682399807976e-01
-3.710676097324002720e-01
-7.531987361682004334e-01
-5.426995043450681955e-01
-5.578591892252512396e-01
-9.438838353637092338e-01
-2.169506616709566682e-01
-7.815099910600231681e-02
-7.299311584491456895e-01
-2.981667661073419406e-01
-8.888693847481310417e-02
-9.800238290898372062e-01
-2.460205126412362553e-02
-6.253520998928647767e-01
-7.592513754401309933e-01
-4.653415939077986119e-01
-3.012428611737122397e-01
-7.972272099568982195e-01
-4.240860938645427680e-01
-7.858074155385462722e-01
-6.378648597638655326e-01
-3.047432141135111294e-01
-7.308937596168030293e-02
-6.617313053536977296e-01
-4.726009130549468917e-02
-9.137075393738208762e-01
-2.758450005111054981e-01
-8.430709586291869062e-01
-2.574310788352063284e-02
-3.633223649708025027e-01
-1.187173789654283329e-02
-6.656883780002799122e-01
-3.800830066060040258e-01
-9.962257441440112160e-01
-2.353837354691404871e-01
-5.609589692799554772e-02
-8.854252955613527432e-01
-4.183369941657583135e-01
-7.183406450609843841e-01
-4.976522449988108887e-01
-9.242492273510449774e-02
-4.528823501612184721e-01
-3.307082069533662239e-02
-3.658308235399942987e-02
-2.297788073007169807e-01
-6.178312207666745159e-01
-9.492551899126983050e-01
-6.806485384697102958e-02
-2.263488270495457311e-01
-6.205231214673778695e-02
-5.414312776238774383e-01
-8.410821217787536330e-01
-7.605870023584345718e-01
-2.433653981516873399e-01
-6.363273580828759934e-01
-6.259002856390676328e-01
-5.600005668040043405e-01
-1.992940159119670485e-01
-5.552325822140532496e-01
-6.944007957457755120e-01
-4.305949126541396277e-01
-2.371668314368108321e-01
-2.416517410426628487e-01
-5.168013252520242684e-01
-6.516869981290273062e-01
-9.045542938193095184e-01
-5.712474915451912771e-01
-7.930783016361764304e-01
-1.032725037944138835e-01
-4.734832652660280194e-01
-7.448161938498049084e-01
-8.411543089611277502e-01
-1.452206132326838706e-02
-8.452029495137369786e-02
-6.663516899673189720e-01
-2.935045956357577035e-01
-8.186218165309659955e-01
-9.198995210155420654e-01
-8.577619012603441284e-01
-9.201830974878559832e-01
-8.709835368350407059e-01
-4.708101065671349561e-01
-6.596053317502257318e-01
-6.106048874158865880e-01
-8.489589993645839661e-01
-6.904600744743729646e-01
-3.131254320025683713e-01
-2.017619865038990934e-01
-9.322740014839924205e-01
-2.153418110415410425e-01
-3.572540590970808561e-01
-5.924328157739492395e-01
-6.183271153448385293e-01
-3.609071527810122637e-01
-7.235623493767874281e-01
-6.945802340226597815e-01
-8.360809798124269054e-02
-7.293860787408571467e-01
-7.787685956274310595e-01
-7.123484581309514896e-01
-7.271857019564484936e-01
-5.205680572213173818e-01
-5.165933312792734267e-01
-4.987607721809851347e-01
-5.703758365545184006e-01
-6.528570690898133355e-01
-6.657436621304593238e-01
-3.930130885051386080e-01
-4.398101153815936470e-01
-2.181474669737980543e-01
-4.268493869835150445e-01
-9.461742838839694025e-01
-5.250363694240287593e-01
-6.716461655619364590e-01
-8.461089764768568999e-01
-6.989562465939430647e-01
-9.900999580081282225e-03
